distance,Logistic
5,0.25326767318229
15,0.252042686140623
25,0.250820016419328
35,0.249599694705912
45,0.248381751426907
55,0.247166216745282
65,0.245953120557908
75,0.244742492493093
85,0.243534361908171
95,0.242328757887152
105,0.24112570923844
115,0.239925244492598
125,0.238727391900187
135,0.237532179429662
145,0.236339634765327
155,0.235149785305356
165,0.233962658159872
175,0.23277828014909
185,0.231596677801522
195,0.230417877352244
205,0.229241904741221
215,0.228068785611702
225,0.226898545308669
235,0.225731208877355
245,0.224566801061816
255,0.223405346303571
265,0.222246868740302
275,0.221091392204617
285,0.219938940222869
295,0.218789536014043
305,0.217643202488702
315,0.21649996224799
325,0.215359837582704
335,0.214222850472414
345,0.213089022584661
355,0.211958375274196
365,0.21083092958229
375,0.209706706236105
385,0.208585725648115
395,0.207468007915591
405,0.20635357282015
415,0.205242439827348
425,0.204134628086347
435,0.203030156429625
445,0.201929043372753
455,0.200831307114222
465,0.199736965535333
475,0.198646036200131
485,0.197558536355409
495,0.196474482930754
505,0.195393892538655
515,0.194316781474658
525,0.193243165717582
535,0.192173060929781
545,0.19110648245746
555,0.190043445331046
565,0.188983964265602
575,0.187928053661302
585,0.186875727603944
595,0.185826999865525
605,0.18478188390485
615,0.183740392868205
625,0.182702539590062
635,0.181668336593843
645,0.180637796092721
655,0.179610929990476
665,0.178587749882383
675,0.177568267056159
685,0.17655249249294
695,0.175540436868309
705,0.174532110553367
715,0.173527523615838
725,0.172526685821219
735,0.171529606633977
745,0.17053629521877
755,0.169546760441723
765,0.16856101087173
775,0.167579054781799
785,0.166600900150433
795,0.165626554663047
805,0.164656025713418
815,0.163689320405174
825,0.162726445553308
835,0.161767407685739
845,0.16081221304489
855,0.159860867589309
865,0.158913376995316
875,0.157969746658679
885,0.157029981696324
895,0.15609408694807
905,0.155162066978391
915,0.154233926078213
925,0.153309668266724
935,0.152389297293225
945,0.151472816638995
955,0.150560229519184
965,0.149651538884735
975,0.148746747424317
985,0.147845857566292
995,0.146948871480698
1005,0.146055791081253
1015,0.145166618027383
1025,0.144281353726262
1035,0.143399999334879
1045,0.142522555762118
1055,0.141649023670857
1065,0.140779403480086
1075,0.139913695367036
1085,0.139051899269326
1095,0.138194014887127
1105,0.13734004168534
1115,0.136489978895782
1125,0.135643825519387
1135,0.134801580328428
1145,0.133963241868736
1155,0.13312880846194
1165,0.132298278207714
1175,0.131471648986035
1185,0.130648918459448
1195,0.129830084075339
1205,0.129015143068221
1215,0.128204092462021
1225,0.127396929072376
1235,0.126593649508938
1245,0.125794250177679
1255,0.124998727283204
1265,0.124207076831071
1275,0.123419294630108
1285,0.122635376294742
1295,0.121855317247321
1305,0.121079112720447
1315,0.120306757759304
1325,0.119538247223996
1335,0.11877357579187
1345,0.118012737959859
1355,0.11725572804681
1365,0.116502540195814
1375,0.115753168376542
1385,0.115007606387568
1395,0.114265847858701
1405,0.113527886253306
1415,0.112793714870624
1425,0.112063326848094
1435,0.111336715163661
1445,0.110613872638088
1455,0.109894791937261
1465,0.109179465574486
1475,0.108467885912782
1485,0.107760045167172
1495,0.10705593540696
1505,0.106355548558008
1515,0.105658876405002
1525,0.104965910593712
1535,0.104276642633243
1545,0.103591063898282
1555,0.102909165631328
1565,0.102230938944923
1575,0.101556374823867
1585,0.100885464127428
1595,0.100218197591534
1605,0.0995545658309708
1615,0.09889455934155
1625,0.0982381685022819
1635,0.0975853835775295
1645,0.0969361947191538
1655,0.0962905919686471
1665,0.095648565259255
1675,0.0950101044180863
1685,0.0943751991682106
1695,0.0937438391307436
1705,0.0931160138269202
1715,0.0924917126801537
1725,0.0918709250180836
1735,0.0912536400746082
1745,0.0906398469919055
1755,0.0900295348224399
1765,0.089422692530954
1775,0.0888193089964485
1785,0.0882193730141461
1795,0.0876228732974426
1805,0.0870297984798416
1815,0.0864401371168772
1825,0.0858538776880191
1835,0.0852710085985654
1845,0.0846915181815188
1855,0.0841153946994477
1865,0.083542626346333
1875,0.0829732012493984
1885,0.0824071074709266
1895,0.0818443330100582
1905,0.0812848658045758
1915,0.0807286937326735
1925,0.0801758046147079
1935,0.0796261862149361
1945,0.0790798262432352
1955,0.0785367123568073
1965,0.0779968321618679
1975,0.0774601732153177
1985,0.0769267230263995
1995,0.0763964690583369
2005,0.0758693987299581
2015,0.075345499417303
2025,0.0748247584552135
2035,0.0743071631389079
2045,0.0737927007255385
2055,0.0732813584357328
2065,0.0727731234551184
2075,0.0722679829358312
2085,0.071765923998007
2095,0.0712669337312569
2105,0.070770999196126
2115,0.0702781074255354
2125,0.0697882454262085
2135,0.0693014001800793
2145,0.0688175586456861
2155,0.0683367077595472
2165,0.0678588344375214
2175,0.0673839255761504
2185,0.0669119680539875
2195,0.0664429487329069
2205,0.065976854459399
2215,0.0655136720658485
2225,0.0650533883717964
2235,0.0645959901851854
2245,0.0641414643035905
2255,0.0636897975154318
2265,0.0632409766011724
2275,0.0627949883345004
2285,0.0623518194834941
2295,0.061911456811772
2305,0.0614738870796274
2315,0.0610390970451463
2325,0.0606070734653101
2335,0.0601778030970835
2345,0.0597512726984853
2355,0.0593274690296454
2365,0.0589063788538451
2375,0.0584879889385432
2385,0.0580722860563864
2395,0.0576592569862044
2405,0.0572488885139904
2415,0.0568411674338668
2425,0.0564360805490351
2435,0.0560336146727123
2445,0.0556337566290517
2455,0.0552364932540498
2465,0.0548418113964379
2475,0.0544496979185602
2485,0.0540601396972371
2495,0.0536731236246147
2505,0.0532886366089991
2515,0.0529066655756789
2525,0.0525271974677312
2535,0.0521502192468159
2545,0.0517757178939551
2555,0.0514036804102997
2565,0.0510340938178818
2575,0.0506669451603544
2585,0.0503022215037173
2595,0.0499399099370304
2605,0.0495799975731136
2615,0.0492224715492334
2625,0.0488673190277779
2635,0.0485145271969177
2645,0.0481640832712548
2655,0.0478159744924596
2665,0.0474701881298943
2675,0.0471267114812252
2685,0.0467855318730218
2695,0.0464466366613448
2705,0.0461100132323218
2715,0.0457756490027109
2725,0.045443531420453
2735,0.0451136479652124
2745,0.0447859861489059
2755,0.0444605335162206
2765,0.0441372776451203
2775,0.0438162061473409
2785,0.0434973066688752
2795,0.0431805668904459
2805,0.0428659745279681
2815,0.0425535173330023
2825,0.042243183093195
2835,0.0419349596327101
2845,0.0416288348126495
2855,0.0413247965314637
2865,0.0410228327253526
2875,0.0407229313686548
2885,0.04042508047423
2895,0.0401292680938272
2905,0.0398354823184489
2915,0.0395437112787003
2925,0.0392539431451327
2935,0.0389661661285761
2945,0.0386803684804628
2955,0.0383965384931425
2965,0.0381146645001871
2975,0.0378347348766882
2985,0.0375567380395449
2995,0.0372806624477429
3005,0.037006496602626
3015,0.0367342290481576
3025,0.0364638483711756
3035,0.0361953432016377
3045,0.0359287022128596
3055,0.035663914121744
3065,0.0354009676890038
3075,0.0351398517193745
3085,0.0348805550618219
3095,0.0346230666097403
3105,0.034367375301144
3115,0.0341134701188508
3125,0.0338613400906594
3135,0.0336109742895181
3145,0.0333623618336878
3155,0.0331154918868973
3165,0.0328703536584913
3175,0.032626936403573
3185,0.0323852294231387
3195,0.0321452220642063
3205,0.0319069037199374
3215,0.031670263829753
3225,0.031435291879443
3235,0.0312019774012688
3245,0.0309703099740608
3255,0.0307402792233091
3265,0.0305118748212488
3275,0.0302850864869393
3285,0.0300599039863373
3295,0.0298363171323654
3305,0.0296143157849738
3315,0.0293938898511974
3325,0.0291750292852071
3335,0.0289577240883559
3345,0.0287419643092201
3355,0.0285277400436348
3365,0.0283150414347245
3375,0.0281038586729292
3385,0.0278941819960251
3395,0.0276860016891407
3405,0.0274793080847684
3415,0.0272740915627709
3425,0.0270703425503833
3435,0.0268680515222115
3445,0.0266672090002246
3455,0.0264678055537447
3465,0.0262698317994308
3475,0.0260732784012601
3485,0.0258781360705043
3495,0.0256843955657014
3505,0.0254920476926253
3515,0.0253010833042494
3525,0.025111493300708
3535,0.0249232686292534
3545,0.0247364002842088
3555,0.0245508793069188
3565,0.0243666967856953
3575,0.0241838438557604
3585,0.0240023116991858
3595,0.0238220915448293
3605,0.0236431746682672
3615,0.0234655523917243
3625,0.0232892160840002
3635,0.0231141571603933
3645,0.0229403670826204
3655,0.0227678373587352
3665,0.0225965595430426
3675,0.0224265252360102
3685,0.0222577260841779
3695,0.0220901537800641
3705,0.0219238000620694
3715,0.0217586567143779
3725,0.0215947155668555
3735,0.0214319684949467
3745,0.0212704074195678
3755,0.0211100243069983
3765,0.0209508111687704
3775,0.0207927600615554
3785,0.0206358630870486
3795,0.0204801123918517
3805,0.020325500167353
3815,0.020172018649606
3825,0.0200196601192056
3835,0.0198684169011625
3845,0.0197182813647756
3855,0.0195692459235028
3865,0.0194213030348297
3875,0.0192744452001366
3885,0.0191286649645641
3895,0.0189839549168765
3905,0.018840307689324
3915,0.0186977159575034
3925,0.0185561724402163
3935,0.0184156698993276
3945,0.0182762011396208
3955,0.0181377590086525
3965,0.0180003363966064
3975,0.0178639262361442
3985,0.0177285215022569
3995,0.017594115212114
4005,0.0174607004249116
4015,0.0173282702417194
4025,0.0171968178053263
4035,0.0170663363000858
4045,0.016936818951759
4055,0.0168082590273576
4065,0.0166806498349854
4075,0.0165539847236792
4085,0.0164282570832484
4095,0.0163034603441144
4105,0.0161795879771478
4115,0.0160566334935062
4125,0.0159345904444708
4135,0.0158134524212816
4145,0.0156932130549724
4155,0.0155738660162056
4165,0.0154554050151051
4175,0.0153378238010899
4185,0.0152211161627057
4195,0.0151052759274574
4205,0.0149902969616399
4215,0.0148761731701689
4225,0.014762898496411
4235,0.0146504669220136
4245,0.0145388724667341
4255,0.0144281091882686
4265,0.0143181711820808
4275,0.0142090525812295
4285,0.014100747556197
4295,0.0139932503147162
4305,0.0138865551015974
4315,0.0137806561985562
4325,0.013675547924039
4335,0.0135712246330501
4345,0.0134676807169776
4355,0.0133649106034197
4365,0.0132629087560103
4375,0.0131616696742448
4385,0.0130611878933055
4395,0.0129614579838876
4405,0.0128624745520241
4415,0.0127642322389113
4425,0.0126667257207345
4435,0.0125699497084925
4445,0.0124738989478236
4455,0.0123785682188308
4465,0.0122839523359067
4475,0.0121900461475592
4485,0.012096844536237
4495,0.0120043424181551
4505,0.0119125347431201
4515,0.0118214164943562
4525,0.0117309826883313
4535,0.0116412283745825
4545,0.0115521486355426
4555,0.0114637385863664
4565,0.0113759933747571
4575,0.0112889081807932
4585,0.0112024782167555
4595,0.0111166987269538
4605,0.0110315649875549
4615,0.0109470723064102
4625,0.0108632160228832
4635,0.010779991507678
4645,0.0106973941626684
4655,0.0106154194207253
4665,0.0105340627455475
4675,0.0104533196314898
4685,0.0103731856033938
4695,0.0102936562164172
4705,0.0102147270558653
4715,0.0101363937370207
4725,0.0100586519049756
4735,0.00998149723446303
4745,0.00990492542968876
4755,0.00982893222416396
4765,0.00975351338053805
4775,0.00967866469043204
4785,0.00960438197427215
4795,0.00953066108112417
4805,0.00945749788852781
4815,0.00938488830233203
4825,0.00931282825653074
4835,0.00924131371309841
4845,0.00917034066182695
4855,0.00909990512016248
4865,0.00903000313304307
4875,0.00896063077273659
4885,0.00889178413867925
4895,0.00882345935731465
4905,0.00875565258193346
4915,0.0086883599925132
4925,0.00862157779555929
4935,0.00855530222394579
4945,0.00848952953675742
4955,0.00842425601913165
4965,0.00835947798210152
4975,0.00829519176243925
4985,0.00823139372249991
4995,0.00816808025006588
